      1         001         023                      -1           2                     3.200000
#     2         002         024                      -1           2                     5.000000
#     3         003         025                      -1           2                    18.600000
#     4         004         026                      -1           2                    16.000000
#     5         005         027                      -1           2                    20.600000
#     6         006         028         029          -1           1           1        16.700000
#     7         007         030         031          -1           1           1        16.400000
#     8         008         032                      -1           2                     0.500000
#     9         009         033                      -1           2                     1.500000
#    10         010         034         035          -1           1           1         1.500000
#    11         011         036                      -1           2                     2.700000
#    12         012         037                      -1           2                     4.400000
#    13         013         038                      -1           2                    10.100000
#    14         014         039         040          -1           1           1         5.200000
#    16         016         043         044          -1           1           1         1.500000
#    17         017         045         046          -1           1           1         3.300000
#    18         018         047         048          -1           1           1         2.400000
#    19         019         049         050          -1           1           1         4.500000
#    20         020         051                      -1           2                     2.700000
#    21         021         052         053          -1           1           1         5.700000
#    22         022         054                      -1           2                     7.000000
