    146         146         149         154                                  -1           7           3                                901.022945
#    129         129         149         154         156                      -1           8           3           1                   1109.237572
#    108         108         149         154         155                      -1           7           2           1                    870.112333
#    117         117         149         164         154         156          -1           6           1           2           1        857.468929
#    147         147         149         154                                  -1           9           4                               1199.003346
#    131         131         149         154         155                      -1           9           3           1                   1161.077916
#     59         059         161         165                                  -1           1           3                                313.264818
#     58         058         161         157                                  -1           1           3                                432.119981
#     57         057         153         165                                  -1           1           3                                325.016730
#      2         002         152         149                                  -1           1           1                                 50.788719
#     56         056         153         157                                  -1           1           3                                471.391013
#     75         075         154         165                                  -1           2           4                                472.411568
#     74         074         154         157                                  -1           2           4                                590.561663
#     24         024         149         154                                  -1           2           2                                405.303537
#    139         139         149         154                                  -1           3           2                                445.726577
#     25         025         149         154                                  -1           4           2                                563.754780
#    106         106         149         154         155                      -1           5           2           1                    720.109943
#    111         111         149         154         156                      -1           4           2           1                    651.412524
#    116         116         149         154         164                      -1           4           2           1                    626.331262
#    145         145         149         154                                  -1           5           2                                603.730880
#    121         121         149         154         165                      -1           5           2           1                    692.543021
#    130         130         149         154         156                      -1           8           3           1                   1096.347992
#    118         118         149         154         164                      -1           6           2           1                    770.148184
#     26         026         149         154                                  -1           6           2                                712.629063
#     79         079         149         154                                  -1           4           3                                681.704111
#     81         081         149         154                                  -1           6           3                                853.561185
#     82         082         149         154                                  -1           8           3                               1007.234704
#     90         090         149         154                                  -1          10           4                               1301.916826
#     91         091         149         154                                  -1          10           4                               1303.341300
#    132         132         149         154         156                      -1           4           4           1                    995.336998
#    133         133         149         164         154                      -1           4           1           4                    965.222275
#    134         134         149         154         155                      -1           5           4           1                   1072.882409
#     84         084         149         154                                  -1           6           4                               1004.106119
#     85         085         149         154                                  -1           6           4                                993.023423
#     86         086         149         154                                  -1           6           4                                986.046845
#     87         087         149         154                                  -1           6           4                               1001.364723
#     88         088         149         154                                  -1           8           4                               1149.902008
#     89         089         149         154                                  -1           8           4                               1159.113289
#    135         135         149         154         155                      -1           5           5           1                   1238.991396
#     92         092         149         154                                  -1           8           5                               1285.078872
#     93         093         149         154                                  -1           6           6                               1249.476577
#    138         138         149         154                                  -1           1           2                                265.793499
#     61         061         154         165                                  -1           1           4                                315.239006
#     76         076         154         155         157                      -1           2           1           3                    642.511950
#     60         060         154         157                                  -1           1           4                                479.376195
#      3         003         149         154                                  -1           1           1                                 84.034417
#      4         004         149         154                                  -1           2           1                                190.542543
#      5         005         149         154                                  -1           2           1                                181.034895
#     78         078         149         154                                  -1           4           3                                703.740440
#    122         122         149         154         165                      -1           3           2           1                    544.096558
#    123         123         149         154         155                      -1           3           3           1                    762.777247
#    120         120         149         154         157                      -1           3           2           1                    573.759560
#     83         083         149         154                                  -1           6           4                               1012.841778
#     96         096         149         154         165                      -1           2           1           2                    371.515296
#    110         110         149         154         156                      -1           2           2           1                    533.472753
#     94         094         149         154         157                      -1           2           1           2                    438.064054
#      6         006         149         154                                  -1           3           1                                307.650574
#     77         077         149         154                                  -1           4           3                                705.186424
#    128         128         149         154         165                      -1           7           3           1                    987.265774
#    109         109         149         154         155                      -1           7           2           1                    878.315010
#    143         143         149         154         156                      -1           5           2           1                    697.688815
#    114         114         149         154         156                      -1           6           2           1                    810.941683
#     80         080         149         154                                  -1           6           3                                861.058795
#    112         112         149         154         156                      -1           4           2           1                    677.684034
#     52         052         149         154         165                      -1           3           1           1                    395.834130
#     99         099         149         154         155                      -1           3           2           1                    616.364723
#    140         140         149         154         156                      -1           3           2           1                    582.378107
#    124         124         149         154         156                      -1           6           3           1                    979.299713
#    127         127         149         154         156         165          -1           3           2           1           1        668.945985
#    126         126         149         154         156         157          -1           3           2           1           1        706.957457
#    105         105         149         154         156         155          -1           5           2           1           1        868.482314
#    125         125         149         154         156                      -1           4           2           2                    803.957935
#     98         098         149         154         155                      -1           5           1           1                    581.952677
#    100         100         149         154         156         155          -1           3           1           2           1        601.912046
#    142         142         149         154         156                      -1           3           1           1                    400.253346
#    115         115         149         154         156                      -1           6           2           1                    798.652008
#    101         101         149         154         156         155          -1           3           1           2           1        599.412046
#    144         144         149         154         164                      -1           3           1           1                    382.655354
#    119         119         149         154         164                      -1           6           2           1                    769.020076
#    102         102         149         154         162                      -1           6           1           1                    628.953155
#      7         007         149         154                                  -1           4           1                                420.129063
#     97         097         149         154         165                      -1           1           1           3                    345.239006
#     95         095         149         154         157                      -1           1           1           3                    460.016730
#     44         044         165                                              -1           2                                             59.326004
#     73         073         157         165                                  -1           3           1                                128.451243
#     21         021         149         165                                  -1           1           1                                107.452199
#     68         068         155         156         165                      -1           1           1           1                    192.024379
#     49         049         156         165                                  -1           1           1                                 64.818356
#     27         027         154         155                                  -1           1           1                                181.300191
#     29         029         154         156                                  -1           1           1                                259.935468
#     39         039         154         156                                  -1           1           2                                390.523423
#     64         064         154         156         157                      -1           1           1           2                    421.152008
#     62         062         154         164         156                      -1           1           1           1                    336.218929
#     63         063         164         154                                  -1           2           1                                280.609465
#     38         038         157                                              -1           2                                             38.793021
#     72         072         156         157                                  -1           1           2                                 93.852772
#     50         050         165         157                                  -1           1           1                                 62.722275
#     13         013         149         157                                  -1           1           1                                141.735182
#    136         136         149                                              -1           2                                            109.400096
#     31         031         149         154         156                      -1           2           1           1                    374.624761
#    141         141         149         154         156                      -1           3           1           1                    410.007170
#     34         034         149         155                                  -1           4           2                                438.023423
#     32         032         149         154         156                      -1           4           1           1                    513.346080
#     53         053         149         154         164                      -1           4           1           1                    475.054971
#     28         028         149         154         155                      -1           1           1           1                    313.329350
#     30         030         149         154         156                      -1           1           1           1                    279.538719
#    113         113         149         154         156                      -1           2           2           2                    635.207935
#    104         104         149         154         156                      -1           4           2           2                    786.952677
#    103         103         149         154         156                      -1           2           1           2                    502.136711
#     54         054         149         156         165                      -1           1           1           1                    166.199809
#     37         037         149         156                                  -1           2           2                                269.201721
#    137         137         149         164                                  -1           1           1                                 87.607553
#     22         022         151                                              -1           2                                             24.196941
#     23         023         157         151                                  -1           1           1                                139.576960
#      1         001         149         151                                  -1           1           1                                 57.903920
#     33         033         155                                              -1           2                                            228.446463
#     67         067         156         155                                  -1           1           2                                270.960803
#     40         040         159                                              -1           2                                             17.155832
#     45         045         159         165                                  -1           1           1                                 98.699809
#    107         107         154         155                                  -1           2           2                                501.959847
#     69         069         157         155                                  -1           3           1                                206.424474
#      8         008         149         155                                  -1           1           1                                 82.939771
#      9         009         149         155                                  -1           2           1                                182.349426
#     10         010         149         155                                  -1           3           1                                297.798757
#     35         035         156         155                                  -1           1           1                                152.791587
#    148         148         156         155                                  -1           2           1                                228.035373
#     36         036         156                                              -1           2                                            120.908222
#     71         071         156                                              -1           3                                            147.174952
#     11         011         149         156                                  -1           1           1                                107.146272
#     12         012         149         156                                  -1           2           1                                233.016252
#     42         042         163                                              -1           2                                            116.943117
#     70         070         163         157                                  -1           1           3                                365.898662
#     18         018         163         149                                  -1           1           2                                154.271033
#     19         019         163         149                                  -1           1           3                                241.931166
#     43         043         164                                              -1           2                                            103.714149
#     47         047         154         164                                  -1           1           1                                171.957457
#     20         020         149         164                                  -1           2           1                                183.728489
#     41         041         162                                              -1           2                                             73.554015
#     51         051         149         162                                  -1           6           2                                535.501912
#     66         066         162         165                                  -1           1           4                                388.996176
#     65         065         162         157                                  -1           1           4                                578.331740
#     15         015         149         162                                  -1           2           1                                132.820268
#     14         014         149         162                                  -1           2           1                                153.706979
#     16         016         149         162                                  -1           3           1                                227.877629
#     17         017         149         162                                  -1           4           1                                324.548279
#     46         046         162         156                                  -1           1           1                                193.401052
#     48         048         164         156                                  -1           1           1                                126.367113
#     55         055         164         156                                  -1           1           2                                260.901052
